Bloops number: 1121
Bloops mass: 52.33656
DNA: 0.65979946 0.9237745 -0.95996153 0.984262 -0.10405171 0.8009598 0.43076366 0.8778855 0.042821348 0.993147 0.57589555 0.29872072 0.25054073 0.050901234 0.8436686 0.44286066 -0.23298085 -0.15841329 0.014826775 -0.6465541 0.9070223 0.9349151 -0.13380969 0.5622362 -0.51015556 0.7004848 -0.9447372 0.48166156 0.9900281 0.6025151 0.4556185 -0.2769916 52.33656 13.038952 13.491612 40.85528 33.24558 45.536972 11.461625 14.195549     Dna-End
Location: 166.75186  57.458836
Health: 1000


Bloops number: 137
Bloops mass: 25.924147
DNA: 0.20275891 0.026649952 0.43252873 -0.40793216 -0.54590714 -0.25586605 0.3218981 -0.35193098 0.58812934 0.83577764 -0.016791105 0.64107144 0.97045064 0.16259098 -0.14545023 0.7636057 -0.7766409 0.1283921 0.16343546 -0.3811437 0.7840737 -0.7701818 0.24260998 0.43112117 0.90271205 0.6994773 0.15249717 0.75517744 0.4281698 -0.4254781 0.6863489 -0.5756632 25.924147 6.260845 31.409222 32.69906 13.4582405 30.142233 47.648323 2.0961523     Dna-End
Location: 839.26666  244.92241
Health: 1200